****************************************************************************
*                                                                          *
*     Input file for the Lagrangian particle dispersion model FLEXPART     *
*               Definition file of chemical species/radionuclides          *
*                                                                          *
****************************************************************************
           Radioactivity    Wet depo         Dry depo (gases)      Dry depo (particles)  Dry depo
     SPECIES HALF LIFE [s]     A      B       D      H     f0      rho    dquer    dsig      vd   molweight
  1 TRACER        -999.9   -9.9E-09         -9.9                 -9.9E09                   -9.99  350.00 
  2 O3            -999.9   -9.9E-09          1.5  1.0e-02  1.0   -9.9E09                   -9.99   48.00
  3 NO            -999.9    8.0E-06  0.62    1.2  2.0e-03  0.0   -9.9E09                   -9.99   30.00
  4 NO2           -999.9    1.0E-05  0.62    1.6  1.0e-02  0.1   -9.9E09                   -9.99   46.00
  5 HNO3          -999.9    8.0E-04  0.62    1.9  1.0e+14  0.0   -9.9E09                   -9.99   63.00
  6 HNO2          -999.9   -9.9E-09          1.6  1.0e+05  0.1   -9.9E09                   -9.99   47.00
  7 H2O2          -999.9    1.0E-04  0.62    1.4  1.0e+05  1.0   -9.9E09                   -9.99   34.00       
  8 SO2           -999.9   -9.9E-09  0.62    2.0  1.0e+05  0.0   -9.9E09                   -9.99   64.00
  9 HCHO          -999.9   -9.9E-09          1.3  6.0e+03  0.0   -9.9E09                   -9.99   30.00
 10 PAN           -999.9   -9.9E-09          2.6  3.6e+00  0.1   -9.9E09                   -9.99  121.00
 11 NH3           -999.9   -9.9E-09          1.1  2.0e+14  0.0   -9.9E09                   -9.99   17.00
 12 SO4-aero      -999.9    1.0E-04  0.80   -9.9                  2.0E03  4.0E-7  3.0E-1   -9.99   -9.99
 13 NO3-aero      -999.9    1.0E-04  0.80   -9.9                  2.0E03  4.0E-7  3.0E-1   -9.99   -9.99
 14 I2-131      691200.0    8.0E-05  0.62    2.7  1.0e+05  0.1   -9.9E09                   -9.99   -9.99
 15 I-131       691200.0    1.0E-04  0.80   -9.9                  2.5E03  6.0E-7  3.0E-1   -9.99   -9.99
 16 Cs-137        -999.9    1.0E-04  0.80   -9.9                  2.5E03  6.0E-7  3.0E-1   -9.99   -9.99
 17 Y-91       5037120.0    1.0E-04  0.80   -9.9                  2.5E03  6.0E-7  3.0E-1   -9.99   -9.99
 18 Ru-106    31536000.0    1.0E-04  0.80   -9.9                  2.5E03  6.0E-7  3.0E-1   -9.99   -9.99
 19 Kr-85         -999.9   -9.9E-09         -9.9                 -9.9E09                   -9.99   -9.99
 20 Sr-90         -999.9    1.0E-04  0.80   -9.9                  2.5E03  6.0E-7  3.0E-1   -9.99   -9.99
 21 Xe-133      198720.0   -9.9E-09         -9.9                 -9.9E09                   -9.99   -9.99
 22 CO            -999.9   -9.9E-09         -9.9                 -9.9E09                   -9.99   28.00
 23 NO2TRACER     -999.9   -9.9E-09         -9.9                 -9.9E09                   -9.99   46.00
 24 AIRTRACER     -999.9   -9.9E-09         -9.9                 -9.9E09                   -9.99   29.00
 25 NA-CO         -999.9   -9.9E-09         -9.9                 -9.9E09                   -9.99   28.00
 26 EU-CO         -999.9   -9.9E-09         -9.9                 -9.9E09                   -9.99   28.00
 27 AS-CO         -999.9   -9.9E-09         -9.9                 -9.9E09                   -9.99   28.00
 28 SO2TRACER     -999.9   -9.9E-09         -9.9                 -9.9E09                   -9.99   64.00
